"","0","1","2","3","4","5","6","7","8","9","10","11","12","13","14","15","16","17","18","19","20","21","22","23","24","25","26","27","28","29","30","31","32","33","34","35","36","37"
"Signature1",2020.12055155635,2463.94200963138,490.131387619227,4234.92864433222,12296.5209636467,6.02312317684608e-11,3887.08155767166,251.474137522457,3980.59235108903,8908.68051630821,3554.92961738493,848.919171705759,24.130581611839,71.4901418128638,25293.5989684122,18195.8785646307,12402.537830736,290.577409801052,1225.81306823618,738.624016223895,1.40688149576108e-08,276.246576019236,2.22304992340579e-06,6.42560569874398e-11,1828.06524758313,19295.3037324405,9639.13817875056,17.3251657480037,311.926079977589,990.130943241507,1169.26404961894,3242.47844084071,55.0703626968391,333.489826345265,287.595685884648,379.763755891156,157.708098900291,667.744704172301
"Signature2",4139.22425356437,4248.72571830626,1512.79186789772,0.119897113789342,25212.8178838797,5.66003105828256,5961.84348027997,3041.5500768734,3722.85093943826,25452.6966435236,748.421966482643,1672.83108082716,356.951679907056,0.631579194098737,27086.1658393583,3105.87247465476,2.67880565079917e-05,1042.14746678667,3192.14223314193,4335.03254718854,450.966735889284,1232.0308568576,546.253735746665,43.7945440798648,5528.73427703677,1354.63567426652,3198.58530467402,8985.41485379329,1301.60997434211,1995.95874624675,1209.74986997795,4359.36098858839,69.7298206513851,190.209677349892,1933.00842675923,678.380984536228,508.999759598215,5807.10518890007
"Signature3",17157.6940547905,9997.19452121342,4.90259539208334e-05,742.574276616433,15767.8292978635,28.9816803900786,1658.07543775478,5674.29779268841,9827.48398614657,19032.1146409597,1229.5863045063,16435.3720567612,15.8840679208421,82.9813891102809,23898.9875924578,8683.687780138,2807.25743802645,0.000265456566646684,18041.6242900863,5524.58345977159,6.7992554655021e-11,3533.52701421395,5.94784081728277e-11,6.42560569874398e-11,10927.53796649,2.01955000596088,8874.14257901738,48153.5462502818,134.905533390943,9.88934102024e-05,46.6765886126094,18739.8283077866,5.41720099350376e-05,37.3663013116381,10067.8385143659,268.198103054025,105.316696929429,2594.3720930599
"Signature4",3908.92533087695,2439.17865826663,943.74557046193,5795.83097571174,11640.3670533079,6.49370847609525,2757.41041045049,1490.77381018862,3406.61785203712,6850.57659505227,4303.31693939381,4553.95642519085,50.5570558472256,139.610612049787,28890.2607824739,8.21762095066853e-08,3772.07944426529,221.430576651529,4296.67302172433,1810.37274194088,92.4165483068976,794.029677478308,5.94784081728277e-11,16.3240357281692,4172.6900144817,7853.98897951015,5190.30590910326,10758.547700215,330.124094498218,1279.04028984287,528.007490078258,6193.6836186462,35.7100599267985,211.672103840869,2213.89064062961,58.4664989605837,154.325775163053,673.540921552904
"Signature5",1320.1393206242,1191.41338390392,335.553703873236,454.637867776544,4609.37570713305,8.89055552637823e-11,786.487808494054,663.882558636914,936.020497149925,7233.94372174925,296.534693599426,1421.96065378641,25.2888296074512,231.15288223491,5798.09423634113,313.668297492221,24470.2400621501,168.746349022549,1641.62209457392,956.828036092804,84.736611422253,264.023240673675,8342.43455708877,11.9561569969509,2464.73702780219,493.033721818521,644.722182223707,4005.31847124891,251.734355142763,924.996244626596,307.188575426349,2115.65112675983,6.03374936780777e-11,34.5325695102836,871.244473897685,135.693874153419,152.904960668,6558.62004390464
"Signature6",11326.8218454581,10467.329091779,326.554490975667,0.00327816433179553,27338.949693794,6.02312317684608e-11,3747.08842287879,4598.25136869591,10430.846022784,31273.2440835165,2140.21028316297,18755.5833229817,5.01970509920099e-08,4.23709423165481e-08,27014.4080420135,4875.94404361327,278.092968237681,118.4909734798,23213.4361634244,9708.48329231307,6.7992554655021e-11,2872.37075293181,5.94784081728277e-11,6.54422091999959,18559.9919539282,0.00221423888003032,7034.1077852996,105240.660200919,2.43483718889141,998.982498496962,1.35805530854285e-07,22328.6823185369,69.473732831898,41.768450948928,12466.9504012061,0.0248493988495304,0.384491607146214,3617.97604549806
"Signature7",13114.5448850059,7930.05090084697,149.828672752187,2699.59474148334,8689.20645519933,27.4006432967024,618.545355103182,4419.07112247072,6612.53052184792,8363.94823701538,3.77510325311049e-07,10123.915155694,14.8291245895902,247.804224228201,12473.1453648981,3893.58486564367,822.302008199203,299.646179114125,10562.5035262612,1612.27404839186,0.210530896574717,3062.92105702435,5.94784081728277e-11,70.521042990407,3196.23608528856,49.0303240296204,6912.0777682718,20341.0438448686,349.069625170902,4918.05193047909,612.66213155728,10966.4230968894,2.71820128692386e-08,181.487589839198,4551.85893887631,290.471773893536,207.12355894163,1156.3326313281
"Signature8",1169.52975812361,1348.16571605245,5629.39425739407,2153.3103188016,570.932945175854,394.463936778632,2428.46752736707,394.699132923581,352.057829507137,5305.79556187505,0.00019509241139319,32.4621330529575,1606.3586604658,3244.32917132749,3380.33917404499,1339.36397374516,1803.49022159726,2159.96077968771,633.185602551775,281.801858077366,1011.66957347079,301.850824801069,1090.31170494128,388.85999928448,892.007427389497,2825.98580368981,1381.92029265967,19.1435129258755,3184.19550028858,3868.83924817282,3542.4512945928,450.892101951927,1429.01596969383,2306.47348085393,853.612918380506,2923.0001601122,3377.23665819224,1282.30837158402
