"","0","1","2","3","4","5","6","7","8","9","10","11","12","13","14","15","16","17","18","19","20","21","22","23","24","25","26","27","28","29","30","31","32","33","34","35","36","37","38","39","40","41","42","43","44","45","46","47","48","49","50","51","52","53","54","55","56","57","58","59","60","61","62","63","64","65","66","67","68","69","70","71","72","73","74","75","76","77","78","79","80","81","82","83","84","85","86","87","88","89","90","91","92","93","94","95","96","97","98","99","100","101","102","103","104","105","106"
"Signature1",703.621827311652,2.69002167821331e-09,8.66742810718972e-07,12838.6935775659,2118.71131267636,1541.93388262208,13134.8593515055,5221.17469771746,5594.36351341513,8080.74129179862,40877.0866190427,3191.80619206576,10698.9431703103,2374.68195189708,639.214152793824,37810.2138206961,27661.8477771482,10006.3599005395,2.68164396736479e-09,10430.8210533392,2449.84363486593,3952.15070889326,906.18470019497,13056.0106875188,35183.5237158574,3840.81596917915,16253.1625748221,4679.02322116368,6389.65835466509,597.083888870347,78338.0163945776,10151.6628304579,47514.4829765545,4613.02480288242,19751.6813356915,6201.63924269737,33244.9968866979,3798.48597085334,15039.3315747245,11881.6741625713,6780.1369610425,5428.11693770567,1594.76211333742,4694.69969926972,1918.52924560707,22417.2676814393,59051.1043372771,11680.3901335041,33103.5755736833,2974.92083583794,8664.45623004069,13862.6446671239,8042.58717902837,8522.91473641067,1612.46454222779,8865.11698020409,14503.8726210798,3669.24410664907,2.59859431826631e-09,5083.35043747511,80502.0362278541,4555.77989851142,7955.34994462561,3339.39680677627,18157.2360893114,4023.59242891503,14748.8525940523,1152.26467669168,19099.9715598251,221.540497769344,41298.0194844367,26611.4882121841,26825.573376834,7046.25086946666,17052.5888192005,948.97516548673,12781.741191763,11055.0922330934,134982.801458109,24.1866289373476,4118.58498613908,28622.4530809082,5648.48993791917,7231.57157514288,10906.6510894338,22918.4408673515,13402.4839884618,647.500398092142,2.54390895985146e-09,13633.2619945198,3361.17102880863,9768.07190510102,5502.33206246478,9424.56538277129,2184.1193897316,5488.34702302012,3043.05775007474,98806.2252418584,16022.8714174386,2.62424952714491e-09,5523.74820208806,5969.66486749607,7544.04045872587,8220.16811362461,10131.7303858101,8077.40066177992,4783.57248681254
"Signature2",27469.6184658818,104037.220024371,73790.7620406165,29113.3889803389,115.208234411267,20690.4409659882,49921.2945785699,1.25637217915915e-09,1.26625294657859e-09,49816.8476831762,42952.4897216956,5.83551776822264,20861.840301096,116657.302655576,49461.6015179235,250314.288097778,51217.1972542802,9364.841861345,82406.5377262551,105.260112284824,1.23375638516026e-09,13.5098846619756,18622.4996371438,3854.20101511457,79008.8272068407,1909.951436457,23766.9315303614,93.1439728954283,127.88490578206,11849.4294461854,300616.982230848,15242.5944187636,197657.056551551,60434.9007741295,39462.4781701256,21931.5473341907,54326.0169639967,184.479276056727,24519.3991867184,31115.2156636368,22940.714377081,49.7521997842442,49.3569560225672,22418.4763657065,25558.0888405267,69161.5768927627,228391.721973186,1.26749476289779e-08,62173.2438476388,3973.68166698426,62565.1228245814,1.40006589701034e-09,160.978021204568,40673.6111997535,44285.0499865675,194.21922769017,34638.0685926527,1.30072655700693e-09,54559.290093867,25903.5236922277,112425.601773251,105.22010148622,57775.6450420323,1.25938932948896e-09,254.763910686323,3726.91456061254,22432.1259443512,34294.1102719872,48020.3812099096,45495.0633783651,7603.71943377647,32741.8264395796,70762.6708980257,15041.6684564441,21901.5269991315,1180.15479761156,21480.6946825197,30860.8933059585,106031.413339529,35739.2046090403,1.22767311246032e-09,106317.261157087,1.23852015876861e-09,9054.89452508394,21515.6551746408,23297.9060522378,6423.72147852626,107735.649952419,6172.13217367781,40134.5439098606,31015.0454253024,55409.2695143402,4526.75335064216,22745.2889719092,97037.757400453,72.9234794209602,1303.11483609555,184473.441719405,23910.4630588905,12684.2233465716,15938.2261708986,28209.0356818902,5853.47430266864,75146.8449586161,52461.4553203826,21725.7138901015,214.032843747026
"Signature3",23445.9118319642,9610.81982293512,18900.8454354269,24121.0030368092,121.452076940738,7571.91045915442,58875.193198603,382.124973140964,463.150552307675,48630.1431857523,644.106844671789,2.6303609604721,32066.1831949288,182932.449137333,44590.2640396066,21055.3913628613,17600.364239495,9744.22172031081,119579.804547027,0.679465281255328,55.9908486947432,0.223886212716876,15731.6633927345,3090.71908472802,128776.487515632,457.250962751987,18974.3112879469,0.0496121628201026,66.2703805210572,6008.30057611057,79600.6649866498,352.231549667302,50173.5102276793,50067.7367334932,23493.9943190954,17048.3641838127,73131.1213424876,0.000305656788720568,14072.852956693,16586.4943315859,14689.1592694806,43.6546253495238,245.270115231166,10511.4342119489,17967.8859078608,59918.0645529541,46376.337177591,268.965558845613,54360.1885887001,1464.43679562568,26914.6610009603,2972.97200446916,174.911943384571,19318.9092461932,48908.8627958756,3.65952346607538e-07,26636.006762556,478.01560608134,79579.7216771872,14201.6186309638,143164.047973034,1.18066506660548e-09,33434.8368092401,0.00991021037057816,1.16249513298944e-09,8553.19525361157,14027.7358037563,9043.0308146655,15810.4583832871,41322.7061986633,568029.304853469,13012.694099722,11198.1849487969,19845.9407909582,5338.07063905027,0.01078384619866,22420.925238572,9329.86970370528,79170.5343441171,27288.8258587512,225.528364465665,14992.8821081022,429.611715124737,16870.9278530872,15149.9883365878,21726.7056393145,5648.4071823192,27462.8500127048,69047.5372298551,22851.5544692819,172692.496985804,24506.924619084,2449.56035420347,4157.64899069153,39948.0275847209,56.4118985526311,642.253545436573,64099.6633621481,24840.3530275543,16971.4041890763,7998.77128160261,24811.5843055225,5307.08704135669,90566.811128917,1362.05626712235,9049.1357636654,253.835459373223
"Signature4",22861.8478748423,119403.960152691,23053.3925230899,25287.9144052859,55.6283759716317,31179.7146922353,46685.6528713217,136.70032914032,136.485934275929,45960.2678392729,27257.31681459,200.727929205549,23983.0333336649,25198.5662551939,54142.9202896761,71702.1067186644,458.590729076526,19070.5765178047,71955.6577267153,799.23936909474,168.165516438096,193.11552023205,21440.6522699267,3072.06921263864,91047.16156167,509.981631611858,16907.5946068697,25.7831937780759,546.186359031787,15767.1860888337,34962.336387925,897509.511201111,37164.9502442149,59203.3376894948,11722.8461750875,992.449239299216,2097.86480681768,56.0344474331441,9570.41628186409,20279.615842206,1751.98939239585,300.476237160561,118.610815408844,17440.3897230749,17187.4960060054,15763.0908728439,118545.836511945,0.644307637628096,13773.9919899778,2384.96070155212,22200.7599444177,221.383328405547,0.522856382494904,26833.5648176427,26893.6226753291,100.663791739789,37515.0520237115,1.74028726829018,89987.9882289432,6080.50723933341,122431.314025861,1.18066506660548e-09,47438.168204102,426.593283012105,1.16249513298944e-09,3091.29775686086,27200.2856578402,30843.5942366556,31032.1888469781,40724.6899252022,167917.956228318,5027.99124851431,56293.5707763434,19210.139883131,7303.81354261772,414.859253055509,2972.63888714533,8077.14475724283,68139.2508582445,18111.7829032711,80.8866493940289,47831.4036539023,15.8983469548582,12646.606046686,23586.7053993376,1295.94744109629,5161.38735069277,125042.999636784,21838.3305964645,10282.6396263377,88751.2865600849,30288.7339614747,4027.35423268959,2438.49665462794,132589.095625094,53.3175990062851,1465.57386839313,1903.66967658813,13329.3124961166,17594.3724643495,7670.25434541071,41893.7151450912,3959.3981972488,194463.175798842,34453.7580266849,19794.7496844532,194.559210067207
