"","Signature1","Signature2"
"C>A_ACA",0.0091313304063221,0.00936141832002157
"C>A_ACC",0.00469313497154411,0.0084467337062351
"C>A_ACG",0.000332088749757913,0.00106808792015688
"C>A_ACT",0.0072151559139202,0.00925972540095879
"C>A_CCA",0.00704146835242286,0.0128231929796237
"C>A_CCC",0.0024240919182688,0.0130556873583459
"C>A_CCG",0.000174186287784146,0.00326049294045155
"C>A_CCT",0.000949530988073261,0.033103840580203
"C>A_GCA",0.0130832395066443,0.00864193467250482
"C>A_GCC",0.00360812465801476,0.00844924026480259
"C>A_GCG",0.000712894622082974,0.00146669290019719
"C>A_GCT",0.005281386433916,0.0176739143372066
"C>A_TCA",0.0109586478176027,0.0106061789048895
"C>A_TCC",0.00362940162111118,0.0104823133191682
"C>A_TCG",0.00211837050767846,0.00142435619356229
"C>A_TCT",0.0137535787933768,0.0216381889026304
"C>G_ACA",0.00314629949481302,0.00355040822900144
"C>G_ACC",0.00169026703762364,0.00208987984708875
"C>G_ACG",0.000111181253662615,0.000518081285746918
"C>G_ACT",0.00278282029427549,0.00353532971000541
"C>G_CCA",0.00300409569466852,0.00193759005981521
"C>G_CCC",0.00135854649301012,0.00218298448971504
"C>G_CCG",0.000128535112158616,0.000688306741876808
"C>G_CCT",0.00302737838314796,0.00258787591904791
"C>G_GCA",0.001460618022111,0.00164347377181669
"C>G_GCC",0.000711180380150854,0.00260061946366575
"C>G_GCG",7.25646565175294e-05,0.000161804797517735
"C>G_GCT",0.00338147981611231,0.00212406692675469
"C>G_TCA",0.0103101938097581,0.00366310308946265
"C>G_TCC",0.00344971329467779,0.00292828388633534
"C>G_TCG",0.000339436941706725,0.000314229656332296
"C>G_TCT",0.0145913257771013,0.00555906777691384
"C>T_ACA",0.00816372407631761,0.0196842588262432
"C>T_ACC",0.00440516240985368,0.0134437397176423
"C>T_ACG",0.00862673374730502,0.0525771209087576
"C>T_ACT",0.00731274445659496,0.0123417978038264
"C>T_CCA",0.0177781149178083,0.010323830892915
"C>T_CCC",0.00344897520180983,0.0124021982972526
"C>T_CCG",0.00826228302142344,0.0373986603272705
"C>T_CCT",0.0106790697848117,0.0137071594290586
"C>T_GCA",0.00182039859834021,0.0281123877624802
"C>T_GCC",0.000675926342881768,0.0397511502081101
"C>T_GCG",0.00593190320987005,0.0614942084973147
"C>T_GCT",0.00120513638322615,0.0281337169826589
"C>T_TCA",0.0205629008934988,0.0145375759262997
"C>T_TCC",0.0140098394971554,0.0143353599329506
"C>T_TCG",0.0119519334509011,0.0213617990674818
"C>T_TCT",0.0189338850808082,0.0131955905189024
"T>A_ATA",0.00355322638697842,0.00597490862525419
"T>A_ATC",0.00257964942782702,0.00856257100675684
"T>A_ATG",0.00365129950438028,0.00378156221711325
"T>A_ATT",0.00761734023155908,0.00857323839686095
"T>A_CTA",0.00242919925813997,0.00316384878379635
"T>A_CTC",0.0120130942350577,0.00512034834057835
"T>A_CTG",0.00685626137355276,0.00509540410885208
"T>A_CTT",0.026049491057992,0.0034989204023241
"T>A_GTA",0.00114712066230369,0.00273438884273125
"T>A_GTC",0.0025000974440248,0.00460893775513139
"T>A_GTG",0.0036669190572598,0.00331036631431523
"T>A_GTT",0.00489743658095646,0.00438249281836428
"T>A_TTA",0.00540602059543244,0.00628586071791146
"T>A_TTC",0.00470136278957578,0.00503277042934662
"T>A_TTG",0.0036498592744973,0.00342924033794117
"T>A_TTT",0.0109214397176381,0.00556889084708485
"T>C_ATA",0.00573150169979526,0.023218651731232
"T>C_ATC",0.00797956213062834,0.012056019137828
"T>C_ATG",0.00533555540798729,0.0206236025916707
"T>C_ATT",0.00655239198305938,0.0171591967391652
"T>C_CTA",0.00961898031157496,0.012188141006741
"T>C_CTC",0.0316024648976345,0.0102256135409846
"T>C_CTG",0.0219267653193926,0.0169540199928123
"T>C_CTT",0.0651629096133216,0.0101316743580174
"T>C_GTA",0.000593287605867462,0.0329687804928382
"T>C_GTC",0.00688582113094865,0.020999197618885
"T>C_GTG",0.00409405618404842,0.0215172457913233
"T>C_GTT",0.00463473707659243,0.0241390929483107
"T>C_TTA",0.00375447681166429,0.0180323215014542
"T>C_TTC",0.0121230953831699,0.0142396046656941
"T>C_TTG",0.00699897663528548,0.0125961392900047
"T>C_TTT",0.01067025530021,0.0156871925531079
"T>G_ATA",0.00654877099003473,0.00390226407440457
"T>G_ATC",0.00627464740996234,0.00149606338280621
"T>G_ATG",0.00530388358051969,0.00207787702302684
"T>G_ATT",0.0322497432202208,0.00236809860816816
"T>G_CTA",0.00490182059353744,0.00213048204306674
"T>G_CTC",0.0172730910693913,0.00191705562461927
"T>G_CTG",0.0151550498191016,0.00333083555003021
"T>G_CTT",0.17186305316899,0.00054863765695641
"T>G_GTA",0.00141811845102828,0.000988127810279508
"T>G_GTC",0.0052030130928316,0.000890538432681249
"T>G_GTG",0.00562796533225985,0.00251601875394743
"T>G_GTT",0.0449944951003485,0.00321818073721991
"T>G_TTA",0.0091557804358882,0.00524362131294692
"T>G_TTC",0.012194313669438,0.00179248714607298
"T>G_TTG",0.00705807920952643,0.00218626819128163
"T>G_TTT",0.0710325206859424,0.00388554029684143
