"","0","1","2","3","4","5","6","7","8","9","10","11","12","13","14","15","16","17","18","19","20","21","22","23","24","25","26","27","28","29","30","31","32","33","34","35","36","37","38","39","40","41","42","43","44","45","46","47","48","49","50","51","52","53","54","55","56","57","58","59","60","61","62","63","64","65","66","67","68","69","70","71","72","73","74"
"Signature1",16.2818382375277,277.640286205166,209.036255746792,8031.38998421594,95.9315243364766,13565.3456948413,15206.2694144722,191.011346338641,482.083685637081,1071.78743103301,1272.88190849128,285.718753576777,244.225422771778,2516.66777003059,714.078320189197,472.967543234005,1.8882386236762e-10,438.200651698775,10.4731376479837,1551.67361116972,57.6167054590177,2344.58304948271,0.00389630122929562,1721.53607548386,1579.35202678589,998.735987350936,2259.39085114335,259.467757812649,1022.02589478734,6.10726246698559,1522.18379787218,829.707355337958,154.903701357196,1.69506818621844e-10,217.008390675335,12.9469508891504,792.748645188942,1333.60122471493,946.986160221725,1325.29015601999,1155.82039839942,0.487199519719184,283.06097318053,1436.0820928054,1877.86127856267,934.703721647664,513.322034683658,818.8663537225,1725.7291684828,1015.48257372155,1085.45304516049,1159.71736242729,1109.39281888693,756.625621056831,1116.14528588395,1964.84136805134,2236.4267870163,1.27754005547545,0.0111948579400395,2586.42172362836,722.222623589178,1011.92317401987,1248.30687205543,254.80427986066,99.2470404608557,1561.75413726802,8500.93701276554,567.959135602127,322.451248104658,445.672930457732,2663.0111568573,3987.95382591371,1108.26267264871,825.620484614802,381.295599865516
"Signature2",4.16256683393734,953.268138280713,5.2184651889853,5677.88897959198,324.432211338678,3931.54525663643,9770.55171850195,146.354342316278,22.0344775975102,66.2493515281346,372.000606203868,34.4378120083414,11.0716709484249,60.1357221049759,402.510964057765,1.99999081937295e-10,1.8882386236762e-10,595.386387692601,0.000448964727740662,346.156729337881,1.87043084670124e-10,0.145144209167672,160.471082492622,59.5879480581102,304.780927477763,434.14554654913,459.720688910969,1.9177426741283e-10,1527.07189537895,1.84334874614941e-10,417.681273901056,928.455104559632,296.386840121429,15.8325125400424,342.802499843767,279.019612712458,1.89598677312703e-10,306.528271383762,1564.1541574494,206.879393610182,969.163680445505,957.796401683913,246.305719589275,284.598323220967,3.30041390283877,685.918061172899,33.4267391612717,10810.4121951785,316.825280359133,501.652932334807,1.05368154222998,198.123331776965,448.982933505247,583.800413781969,442.417580285264,1106.08529101342,6137.76082868389,7884.10402109487,344.507501037118,205.608026256939,307.63717727825,2091.09151429043,352.339855089163,0.239032538535282,201.964833486567,0.349212119073148,17780.6770307202,751.08719743011,1352.7331208371,935.605259864362,974.675524481286,54.2634546511873,1.83243288236636e-10,1963.80342591207,448.525049069968
"Signature3",1.79778797694736e-10,127.939724048645,527.842729819866,1926.56417606794,0.57711282200224,0.469370377069899,86.545113863885,179.858442030972,498.500359119397,1454.3790212835,772.681067266135,3250.00819121173,48.296944858913,407.446802284812,1848.18660051349,489.281741559604,1.8882386236762e-10,1.34286476140158e-09,1.84851743383601e-10,624.402579254451,40.3152369706896,799.49294518414,1539.64533725946,1868.10710653708,1178.25175805142,105.733217323061,810.228767703851,267.970851670375,635.674599779593,15.9630418729161,1988.2372000663,2184.04644904119,201.739597355479,8.60629989198529,1.86941751900502e-09,150.811572377257,773.535893573727,536.104302102479,2744.58108609736,130.795055584615,2.77599203895374e-07,56.3225821772525,8798.71531943207,1.81049254915728e-10,2398.46065526764,467.465417213141,5.9270792014595e-10,2631.19469076214,3095.74355521974,0.0692393913576427,471.742389822157,541.111756337803,1395.95362949338,1247.29894298181,94.1227658131226,464.001833404782,1046.99783744577,2702.82771606044,2892.2193941837,1335.04925081347,206.906266239639,534.456099739137,298.328407526663,166.688699945891,249.646186248885,413.723565338854,28612.8644657871,584.037186499493,2.79348870816253e-09,1737.07163472351,467.050969904906,283.84499764697,274.86480221256,7441.32162699912,4.09057909639622
"Signature4",1.79778797694736e-10,7395.98802056172,67.2576175344916,660.26696603913,13346.2019192177,720.293947182606,964.238725640044,0.101252888942966,141.271228048174,209.123784207129,0.706280156065676,492.84381055459,7009.45962214344,29.3889017902374,1867.04896169847,90.1580212444403,3.87043381814003,41.1154451602218,1.84851743383601e-10,809.978358881984,7.88887114449414,155.472299449391,3456.56202452014,1035.11016439256,111.790602940603,5025.30271131617,479.560403869554,210.31815581056,488.794525224062,1.84334874614941e-10,1009.43473623749,340.768593258678,417.529576708847,4.5385747986091,6.48918934601034,130.620107070296,138.221768686633,133.642761537194,4086.13410186636,93.8870563336496,0.0144980662243,20888.152148583,16916.5928546418,0.716184865215323,331.971939552606,212.038222826889,24.0449694547966,2397.78315100463,1646.65341025929,129.67024568369,102.23625354761,28.2398412477024,2.00573835993258e-10,271.045140937581,4.75020526997322,2563.313608089,49.8267938128789,311.779888108878,913.220808701427,0.235634879536405,10.8204188949302,45.0055399020151,222.74288165434,1.76177498246606e-10,85.2789229760013,213.53339971801,842.048072574325,847.092736518603,50.0175029556311,22281.3069136643,188.587494170675,189.841750942907,1.83243288236636e-10,2659.48384894098,644.923564125033
"Signature5",1.79778797694736e-10,495.010004352554,98.2197702297683,2263.17789501537,307.758868179238,711.876815570243,15873.0342748832,49.0300515141019,75.7694657809791,208.78481623519,142.258477409043,182.578561993619,1092.06885085061,230.235096262665,2.72411693006287e-05,45.0995156570902,1.8882386236762e-10,43.0744202597269,3.28162104610729,214.594510726189,1.87043084670124e-10,109.515215320757,2.02885599717011e-10,214.203435094603,202.815563335878,992.675298720492,272.062586656375,87.4453312024442,241.927746137672,5.72448224846235,45.9955444864106,241.409116171327,80.3925214977961,1.69506818621844e-10,52.4997392212254,18.9855523511185,67.7538850198212,0.764983079517993,1189.83822050915,0.172472340274751,164.5077423478,389.288274782944,429.852666788507,104.654593122136,414.221417342303,0.0345228612948956,9.14822100013689,6338.75018865891,98.8282025804446,220.218840072019,4.24276159789783e-06,1.93385931569394e-10,123.885058030169,198.355799887568,109.713565596942,392.553987327594,309.004056741701,17018.0984865744,872.668848545096,19.9894749334929,49.8298452019162,268.048266691336,126.821151671613,359.674064398765,80.876701822515,95.3358738911121,90243.852389414,342.414780916317,282.26277893288,4.15455318555156e-05,415.176280770828,59.8777270745271,23.5069540099058,827.675177670177,155.624467183045
"Signature6",1.79778797694736e-10,3165.20110873391,998.648629312987,437.512895603852,7907.25877320696,263.714184380841,1241.30638332674,1.74748341126835e-10,40.6902355201285,535.232270731028,871.079269170724,171.316577709876,21992.8295303462,156.443977308861,5734.57213451556,663.094177070987,1.8882386236762e-10,276.861781486301,1.84851743383601e-10,2644.7659069339,31.0655153753254,14.5499154159594,1925.1136507466,2581.57508867614,69.3770005418102,4468.32515324221,3862.56047371986,198.569066034641,7937.2511069717,1.84334874614941e-10,4079.77660606715,141.256725008463,206.63669768788,2.27486553692843,9.31955857854573,548.088777873348,164.248080587147,505.875657422999,6203.03477075249,1.8533418771788e-10,107.326583652615,29874.2062971115,16302.1208082622,214.632277925605,2970.45685617684,247.390110854693,26.0437148334008,8662.32606473329,9647.02856125519,508.798919918018,1293.88205674173,1164.79768259776,776.663929011211,174.653655650578,83.7788011628233,12534.7486509132,1516.40930090136,2426.37118263402,186.537305709373,192.435120434733,0.0157906425335649,1.6718322470084e-10,253.001601967673,2.6222189880478e-10,2.99022805703722e-05,1391.16126197074,1749.02937100732,320.413014372789,89.7730518417979,35595.6487189991,1522.92613993169,284.663887399314,58.6758642201314,1075.91017718847,772.015647044951
"Signature7",15.3171232161356,0.47993458686969,2.18119655827737e-10,18638.0598132812,229.655338200794,4107.75432603869,33183.5686366917,116.279965567268,94.1284662388331,608.522543226509,199.203289398845,154.927777045572,2.62440417660563e-10,62.7244720645375,701.02599168876,0.0258674645892676,8.87568098869881,111.031236564093,1.84851743383601e-10,832.148823541502,1.87043084670124e-10,336.468856548926,801.529066646109,9.68160872197406,171.319662655482,19.8889394372996,94.8028364483433,75.8645456764126,11.9191051448256,1.84334874614941e-10,544.29179954668,226.778719912177,229.93149953149,1.69506818621844e-10,21.774785730514,114.211337205301,131.074249061397,301.911969303873,993.377591254855,523.870515510544,5.03990301697942,179.974367303541,436.403081667601,315.641922775365,532.602631329304,480.637763054836,130.560637482484,6004.18868999522,499.125176054453,425.866348451421,457.262757795585,738.42249979456,678.489010117271,97.5987488533877,180.851801736128,166.817109065236,556.419738021403,3147.67843172862,353.267889768269,624.786174077527,86.0417177788563,23.8644462048167,101.710017629793,0.537424805236191,204.267286678503,708.36056829713,50079.548411605,43.7035405779359,0.483556312434502,0.0900277180704509,254.945925788801,505.304736689467,1.83243288236636e-10,107.652524090554,1.22849527122842
"Signature8",1.79778797694736e-10,1239.78139476832,606.813024431423,1511.73684232579,2062.83430823238,224.087870257164,13.6672289038102,437.718327535678,15.8368331047039,900.695428846557,283.811658473458,2833.39087543998,8311.17590189732,143.681652616055,0.00527961165651326,497.495156654652,1.8882386236762e-10,741.296913816657,53.8762567838119,2009.05688267534,2.75864441516815,883.69913845788,6.03921775630118,281.184823962317,1295.53295553187,5883.54497159371,3874.85675225273,355.99998476714,2867.81814183023,8.4055122285262,2544.71453902739,2768.86634466588,1476.25604914664,1.69506818621844e-10,86.5606601899396,786.441274839594,339.003982927721,2038.7551043212,6473.69777948583,764.206512409729,1.75733833004944e-10,3537.32738593363,3321.87383074936,681.313490453266,2295.47886414292,4.90015940863711,78.3609323442482,2698.98630314151,4062.98201883642,1897.57906726532,659.742943338554,0.027228946762023,1175.7846489496,2.22733737103569e-05,548.450962663029,3108.16615611789,3195.34328469769,3546.28034287371,3093.23658903253,1119.84700152302,532.599442863454,238.983052117922,142.101303910389,507.303587110984,128.738409302151,1710.50013285312,2328.07128687944,2.37269057975463,39.9510869761654,4.78962082439615e-09,606.410291308431,276.263622988519,248.768778282026,4470.79023035106,1671.69167339561
"Signature9",29.2385353749276,583.208949541555,325.134308879484,133.95208121164,1646.99606602248,180.434811926002,2140.46269062151,209.264349453778,376.505183177437,2483.38904581298,360.404777939333,1797.24492747002,4161.24881389459,705.045424559201,1147.93809580512,0.182690689443177,1.8882386236762e-10,272.581318058349,1.84851743383601e-10,1989.09542436466,1.87043084670124e-10,1727.38385925608,2780.55566546964,2461.82355791477,312.111605229394,0.000266884762224723,746.859679603752,566.689170936469,1043.80749649837,2.39134417797615,767.295520549791,903.409288410362,897.874447861075,0.848061675416114,194.614892217092,319.115200043592,186.079622778846,1164.98861548578,9.83984502650034,710.315744576024,770.391284436786,6513.47852140869,7141.88258335264,2031.13083960579,1627.81719176358,322.811060619814,585.325263053469,923.78282423564,1558.03902317398,635.0371129462,2017.52952106486,209.374754792321,774.933589131495,288.971988184002,940.056675093786,1858.58133329156,1094.41249268009,638.945613153846,131.225144582361,1780.81408711388,837.508011614836,497.832204650437,829.446143941369,1834.44051523988,223.326139960557,1075.49102883642,2330.03867359719,1799.1129762897,1.59716021713499e-10,6959.32946391813,1344.14468475767,697.482128410198,499.626660668995,725.856573195055,737.250497022543
"Signature10",10.8613422268351,63.2508251814735,2.18119655827737e-10,188.212017166701,275.31115280813,98.0426223177816,15.3911593690498,581.21653664076,444.475684863427,1430.79009687919,605.396169830301,1374.71556273132,700.233385167961,288.190759243126,0.759090139370279,221.675244189403,1.8882386236762e-10,674.838854782226,28.4784274286507,1136.69978571555,51.8252838077546,1424.43254441401,589.751601189122,0.322455430403634,780.682536301741,1618.42304695263,829.402399879736,120.765407767154,1072.99286789746,2.76497705795176,834.71794818266,4321.84771675433,682.585353029568,1.69506818621844e-10,736.269042125871,639.375725860383,179.022315718106,783.35578930044,30.4474183352478,429.639866786897,613.316958808715,1327.90435758182,7.99230085206653e-09,758.758838754788,2067.64014912064,577.817890563961,288.694377355359,0.327441560330025,741.897270497265,4910.55464766199,566.87973948262,204.520076374822,264.302367343653,3739.45934326543,407.159216803805,1423.5227230455,1813.64285324012,44.1177926862952,20214.3259676366,903.218556557812,903.302559289635,631.875877103335,733.059309802054,1092.98806973308,1123.97832089261,846.682405914732,2324.07508103187,2155.00703762346,4350.66873834955,4.32068862763706e-08,731.126318470457,535.355222094233,404.206696677407,1198.39463067461,0.00045938650163995
"Signature11",0.740753225666351,1.97002264943535e-08,220.432502026725,2238.08868585948,1418.28919649431,4923.4291304114,2956.01506938781,149.560447389244,291.255188773569,383.066535872208,142.134977328435,1657.17859840254,2959.29204631862,4.27440550496636,0.00552515813529899,262.526406714016,1.8882386236762e-10,379.560475695423,1.84851743383601e-10,393.182951025688,0.00381220053533125,130.335775495556,0.351314345108632,0.672773244542634,0.0219105228393284,2558.51472701401,1057.54937200809,100.183752133983,36.6827588145443,1.84334874614941e-10,587.158245159666,1196.74911051597,425.406833476322,1.69506818621844e-10,15.8281407136315,606.82445814189,1.89598677312703e-10,316.039737107496,2481.52984230858,183.859955324306,0.0198855126485575,246.335647544417,0.7821332352505,178.868475306005,295.282906367876,0.000506275598100651,7.36643856381469,795.434393754719,803.241216071529,772.549665966069,4.85564770720497e-07,239.436707218117,196.954363072664,308.2768145696,0.103076329045199,588.272378585249,1741.83788918825,16224.6298952834,382.657608550851,448.616178909997,71.3985155825449,387.95032894568,316.423077804005,15.8939479270569,306.811480827556,880.593325129239,73524.447848693,26.0288997093154,227.987826200564,716.873001033622,59.7227509561509,142.385244993844,1.83243288236636e-10,1905.72035838338,442.950701096081
"Signature12",1.79778797694736e-10,341.231378717643,2.18119655827737e-10,4070.68530006109,113.742705532412,1776.70974667669,4.15593182019436,232.650285290319,46.9577900675755,493.610377982559,444.469007716754,657.476976346835,278.981446644265,399.980950315414,626.530707335676,399.094474917666,1.8882386236762e-10,657.401236650555,1.84851743383601e-10,1083.94348315452,62.0640142184254,429.378552491633,1275.76517329398,0.165765546392606,373.016720295258,864.543406364787,213.342868967396,172.114792079108,277.760747121419,1.84334874614941e-10,375.248633432819,563.417838812161,441.078735347894,1.69506818621844e-10,1.64530688041107e-10,491.050542306591,214.43515399359,32.8995471491318,4974.78971557308,422.811707451022,275.889093148959,112.563714054026,1282.18150302896,1004.10214418208,1083.90671742458,1001.75957276123,551.061812738899,6775.42564547204,800.847845503771,1654.32335612891,1188.29686381685,1807.71508519309,382.007590088619,219.715095117911,515.49791351282,1721.07254162122,413.354764841559,2704.0829345923,9993.30038948706,219.55754343431,959.323558487412,7.35837569173355,57.4558895988928,1.76177498246606e-10,100.715248560213,694.79060238712,39576.4945200178,904.544987013056,904.162266977428,2.66075911608524e-10,194.510100240192,134.007151236427,721.283098761443,862.584682756804,979.269978218053
"Signature13",23.3978390085274,2.93478885405489e-07,140.543240770503,839.271008383307,211.999466293879,1.03096211283022,452.97419714896,111.449927187276,328.612662499552,1324.10805367596,713.621281824018,2343.64000615094,87.8883087505168,2051.91304967205,1804.18296800135,1619.76501005214,1.8882386236762e-10,2042.38669346568,4.31214449470972,2131.95398535318,31.0818839623629,1731.97577160236,328.01608678584,26.9826396275574,1536.88258671598,334.836824469668,32.4141812928998,361.521389493952,4547.8399168011,1.84334874614941e-10,282.290180627826,1143.17772659815,218.319347175965,1.69506818621844e-10,24.8549720872516,3.18732259712027,513.741208969208,1823.26896101618,7502.48691580264,458.360845970666,178.866201073672,830.727687209984,4.45183519117303,1400.42902975952,282.564841268941,3104.41267359113,204.358900195393,4.09800252693258e-05,88.6488569908098,810.545510843863,1580.99816147546,3955.28858292047,196.050561373156,1595.39861472789,379.312348495941,1051.0156590844,4696.29634406808,375.211951654374,1070.29352305476,1682.36084752166,507.488523020822,2094.13121192246,2358.87229095972,76.1660137649664,3335.86144272708,1565.39190799805,4212.33243869051,4271.58265934462,282.782881197164,1.28772498628732e-08,951.498794310932,490.17613325802,707.582448867514,2122.11493338761,3418.03221766389
"Signature14",1.87500475664155e-06,0.000234667947302095,2.18119655827737e-10,21025.0083403787,355.144845022532,26803.9498628679,34128.1153490161,1.57880265269955,145.384740249796,574.469888409352,157.432662923482,1304.57564692341,2.62440417660563e-10,595.965401774248,0.800521504066728,36.9549135821214,1.8882386236762e-10,76.7754443575405,7.45655355999166,115.808177211477,1.87043084670124e-10,643.687000345771,8.45659757579756,272.45076614466,147.072433917341,0.00377190743875391,741.846641336718,1.9177426741283e-10,844.053423014324,1.84334874614941e-10,110.918375691305,226.674319676843,15.0183625926192,1.69506818621844e-10,2.87239014612778e-09,1.98131422920149e-10,1.89598677312703e-10,780.196656205199,691.753982432884,237.139943207734,160.16807027652,1299.54265635652,596.838618817743,60.2604577740955,5.22264198532186,118.909564561699,52.7063600221363,11695.907661835,779.5972476176,69.4461825269718,539.781179882997,108.65994693945,152.643765924052,630.915568862978,236.054409843434,111.657643234878,104.745770700796,31608.3807737075,694.008708856229,534.192090996962,44.1190923956127,6.91766380666583e-05,442.763871418294,200.689902778778,45.8008907934268,67.6783771349226,35039.7752714693,498.475111346359,1.09281240319816,0.0295543386192882,103.179229051961,560.739857115766,222.189183855319,311.697954369309,325.136703605289
"Signature15",1.79778797694736e-10,4.00883519685939e-08,1408.85344405545,0.00142659051050092,8.5146581391981e-09,435.684542019229,336.825091529717,329.614762266602,512.825055834023,1124.16970662641,630.610867006435,1161.6560057018,1674.98331190256,381.803192858881,1063.09757195311,80.8637494256647,6.2366908124416,304.856133383401,1.12140994538624,784.37227314997,61.0498877851296,987.02654168812,2.02885599717011e-10,1093.59579103173,0.00041381440635896,1802.3910866436,1015.36539595638,1.9177426741283e-10,638.13210422936,9.08617164676557,714.712599739174,2251.1165122898,330.809119373796,2.8996855553236,140.5414593789,290.321565726916,138.728222041366,450.221105459241,30.1253216318469,552.264548664989,615.545148651486,1628.84768088813,5157.18606937945,435.785337090889,2543.03275495709,371.170925293506,920.825065419704,3.17324391794126,2523.87547484098,1851.14134549079,285.141401600319,535.977231641727,758.947281865856,1084.16565452742,550.668771962889,2.75422350175852e-09,1288.29843756855,7.70531506051041e-07,14443.6924015135,949.782673346583,116.37471486204,494.080739695257,294.358816928174,759.128417854161,540.36978246863,861.654187747798,14.7317113641879,386.930314463496,2542.27477009174,4200.31120741273,493.750932788975,510.758762322628,527.616953913137,1173.8862728115,650.825590486143
"Signature16",1.79778797694736e-10,2.22487692714901e-10,1.2002653141133e-05,2330.1835882073,8.86651228355533,19951.6308563838,2198.87901482302,88.3111609272656,198.668943487812,351.621647650298,1026.30769886183,2.28991673265327,217.24474350429,1072.10242160937,775.257240587103,359.815487543978,11.0171943784537,491.633006927112,1.27337142708126e-07,1025.16651750398,79.330144660162,621.853390637539,1582.73928561764,1.33303354716596e-07,1529.99129588233,41.9350442300979,982.036100249994,539.089794614538,823.247670369054,13.5572082989416,557.342999412097,1319.31907898709,496.131317735999,1.69506818621844e-10,499.436669887012,4.78454272995239e-09,773.406971452927,244.845314410577,1829.22309125205,633.506226209193,671.930551884894,0.0450778609128861,240.75200267537,1229.0259923587,801.178740834849,1322.02982729301,425.754533690636,1141.44111104768,1112.9376922566,42.064011597027,2.0324326457729e-10,1173.58791179096,189.008453206497,324.718575321672,397.916619547043,868.349717151992,1238.22282039155,18807.2134290213,56.8267244831922,1425.08561557173,339.411742258339,1163.39909984875,957.268508042428,642.446044041393,915.117282892165,1.33956714037403e-05,6262.07641438317,3448.23773171286,132.358358816736,0.0612462631131506,1731.28340620976,990.08149726228,88.4158858821154,1216.4870986545,1153.13877746975
